12
12
1
1
2
1
1
1
12
1
1
2
1
2
1
12
12
12
23
2
2
12
2
12
1
2
1
1
2
1
12
12
12
12
3
12
23
3
12
13
23
2
1
12
3
23
2
12
1
2
2
1
12
1
2
2
1
2
2
2
13
2
12
2
12
1
1
23
3
12
2
3
3
1
12
2
2
12
2
3
3
12
3
3
1
3
1
13
1
2
3
1
1
3
1
12
1
12
12
1
2
12
12
12
3
12
2
3
12
2
2
2
23
3
1
2
2
3
2
1
2
13
2
2
3
1
1
2
1
12
2
4
3
1
3
3
4
2
1
1
2
3
4
1
2
1
2
2
2
2
2
12
2
12
13
23
1
13
23
13
12
1
12
12
12
3
13
1
12
12
2
1
1
3
2
12
12
12
12
12
12
12
12
12
12
12
2
2
1
23
12
12
23
13
14
23
12
12
13
12
1
2
2
1
12
2
2
1
1
2
1
3
12
13
1
2
2
3
1
2
12
4
12
3
4
1
1
2
1
1
2
1
34
1
12
12
2
12
1
12
1
12
1
12
1
2
1
3
2
1
1
2
3
3
1
3
1
3
1
4
1
2
1
3
1
2
2
1
2
1
2
4
2
2
1
2
1
2
3
2
1
3
2
2
1
4
1
4
12
1
2
3
2
2
2
1
2
2
12
1
3
1
2
1
3
2
1
1
1
3
1
3
3
3
2
1
2
1
2
12
1
1
4
2
1
2
2
2
2
1
1
1
2
1
2
12
1
2
3
3
2
1
2
2
3
2
2
3
1
3
3
1
3
2
3
2
1
4
3
1
2
1
2
2
1
1
2
1
3
2
2
1
3
1
2
1
1
3
2
2
4
23
1
2
1
2
1
2
4
1
2
3
2
1
2
3
3
3
1
3
2
3
1
3
1
3
2
3
2
1
2
1
1
2
2
3
3
2
3
3
2
3
2
2
2
3
4
12
2
3
2
1
2
2
3
3
2
1
13
34
2
3
3
2
2
2
12
3
1
2